1000 0.707107 1000
0.149992 0.235702 0.0353535
0.107137 0.599969 0.0642792
0.0214275 0.0642824 0.00137741
0.34284 0.42855 0.146924
0.535687 0.17142 0.0918274
0.364267 0.664252 0.241965
0.535687 0.34284 0.183655
0.685679 0.621397 0.426079
0.642824 0.664252 0.426997
0.299985 0.192847 0.0578512
0.192847 0.642824 0.123967
0.685679 0.214275 0.146924
0.557114 0.364267 0.202938
0.685679 0.535687 0.367309
0.25713 0.299985 0.077135
0.685679 0.0642824 0.0440771
0.107137 0.17142 0.0183655
0.578542 0.107137 0.0619835
0.449977 0.128565 0.0578512
0.557114 0.535687 0.298439
0.278557 0.192847 0.053719
0.17142 0.42855 0.0734619
0.407122 0.642824 0.261708
0.34284 0.642824 0.220386
0.621397 0.128565 0.0798898
0.0214275 0.535687 0.0114784
0.192847 0.42855 0.0826446
0.214275 0.449977 0.0964187
0.0857099 0.621397 0.0532599
0.192847 0.25713 0.0495868
0.471405 0.0642824 0.030303
0.321412 0.407122 0.130854
0.0857099 0.214275 0.0183655
0.299985 0.107137 0.0321396
0.664252 0.0214275 0.0142332
0.192847 0.0857099 0.0165289
0.235702 0.514259 0.121212
0.235702 0.042855 0.010101
0.535687 0.235702 0.126263
0.42855 0.449977 0.192837
0.578542 0.385695 0.22314
0.278557 0.599969 0.167126
0.34284 0.149992 0.0514233
0.34284 0.34284 0.117539
0.578542 0.407122 0.235537
0.557114 0.214275 0.119376
0.364267 0.149992 0.0546373
0.621397 0.642824 0.399449
0.25713 0.0214275 0.00550964
0.0642824 0.599969 0.0385675
0.0857099 0.385695 0.0330579
0.299985 0.514259 0.15427
0.0857099 0.25713 0.0220386
0.192847 0.34284 0.0661157
0.449977 0.17142 0.077135
0.364267 0.214275 0.0780533
0.599969 0.149992 0.0899908
0.514259 0.514259 0.264463
0.642824 0.321412 0.206612
0.535687 0.0214275 0.0114784
0.214275 0.128565 0.0275482
0.642824 0.34284 0.220386
0.128565 0.385695 0.0495868
0.449977 0.25713 0.115702
0.385695 0.0214275 0.00826446
0.557114 0.621397 0.346189
0.685679 0.364267 0.24977
0.0857099 0.557114 0.0477502
0.407122 0.128565 0.0523416
0.492832 0.0857099 0.0422406
0.364267 0.42855 0.156107
0.385695 0.664252 0.256198
0.128565 0.364267 0.046832
0.0642824 0.0642824 0.00413223
0.278557 0.42855 0.119376
0.557114 0.471405 0.262626
0.449977 0.642824 0.289256
0.364267 0.557114 0.202938
0.17142 0.621397 0.10652
0.557114 0.149992 0.0835629
0.407122 0.599969 0.244261
0.535687 0.599969 0.321396
0.0642824 0.34284 0.0220386
0.128565 0.192847 0.0247934
0.214275 0.471405 0.10101
0.514259 0.492832 0.253444
0.17142 0.235702 0.040404
0.407122 0.449977 0.183196
0.192847 0.299985 0.0578512
0.514259 0.664252 0.341598
0.34284 0.364267 0.124885
0.642824 0.385695 0.247934
0.128565 0.299985 0.0385675
0.557114 0.407122 0.226814
0.34284 0.192847 0.0661157
0.128565 0.642824 0.0826446
0.664252 0.321412 0.213499
0.578542 0.578542 0.334711
0.128565 0.621397 0.0798898
0.449977 0.192847 0.0867769
0.214275 0.535687 0.114784
0.107137 0.664252 0.0711662
0.621397 0.299985 0.18641
0.599969 0.535687 0.321396
0.471405 0.535687 0.252525
0.407122 0.25713 0.104683
0.25713 0.407122 0.104683
0.385695 0.42855 0.165289
0.321412 0.107137 0.0344353
0.107137 0.278557 0.0298439
0.685679 0.557114 0.382002
0.128565 0.535687 0.0688705
0.514259 0.471405 0.242424
0.299985 0.449977 0.134986
0.42855 0.299985 0.128558
0.0214275 0.42855 0.00918274
0.471405 0.364267 0.171717
0.278557 0.235702 0.0656566
0.34284 0.621397 0.213039
0.664252 0.471405 0.313131
0.235702 0.407122 0.0959596
0.621397 0.278557 0.173095
0.578542 0.34284 0.198347
0.642824 0.514259 0.330579
0.407122 0.0642824 0.0261708
0.107137 0.214275 0.0229568
0.471405 0.621397 0.292929
0.535687 0.299985 0.160698
0.492832 0.557114 0.274564
0.042855 0.578542 0.0247934
0.192847 0.364267 0.0702479
0.385695 0.149992 0.0578512
0.407122 0.407122 0.165748
0.34284 0.25713 0.0881543
0.149992 0.192847 0.0289256
0.642824 0.214275 0.137741
0.0214275 0.34284 0.00734619
0.557114 0.557114 0.310376
0.471405 0.25713 0.121212
0.0857099 0.107137 0.00918274
0.0642824 0.407122 0.0261708
0.128565 0.107137 0.0137741
0.578542 0.642824 0.371901
0.407122 0.299985 0.12213
0.664252 0.149992 0.0996327
0.535687 0.385695 0.206612
0.449977 0.471405 0.212121
0.0857099 0.535687 0.0459137
0.621397 0.107137 0.0665748
0.685679 0.235702 0.161616
0.449977 0.407122 0.183196
0.535687 0.578542 0.309917
0.042855 0.042855 0.00183655
0.364267 0.364267 0.132691
0.0857099 0.235702 0.020202
0.0857099 0.34284 0.0293848
0.621397 0.407122 0.252984
0.25713 0.17142 0.0440771
0.107137 0.685679 0.0734619
0.321412 0.0857099 0.0275482
0.34284 0.0214275 0.00734619
0.578542 0.17142 0.0991736
0.535687 0.621397 0.332874
0.299985 0.299985 0.0899908
0.34284 0.385695 0.132231
0.621397 0.0857099 0.0532599
0.321412 0.578542 0.18595
0.107137 0.299985 0.0321396
0.0857099 0.42855 0.0367309
0.192847 0.514259 0.0991736
0.192847 0.0214275 0.00413223
0.278557 0.621397 0.173095
0.107137 0.621397 0.0665748
0.364267 0.192847 0.0702479
0.192847 0.578542 0.11157
0.107137 0.0642824 0.00688705
0.128565 0.042855 0.00550964
0.17142 0.492832 0.0844812
0.557114 0.299985 0.167126
0.299985 0.042855 0.0128558
0.17142 0.407122 0.0697888
0.042855 0.685679 0.0293848
0.407122 0.664252 0.270432
0.192847 0.471405 0.0909091
0.599969 0.492832 0.295684
0.299985 0.492832 0.147842
0.449977 0.278557 0.125344
0.214275 0.34284 0.0734619
0.128565 0.214275 0.0275482
0.664252 0.364267 0.241965
0.535687 0.42855 0.229568
0.578542 0.214275 0.123967
0.664252 0.42855 0.284665
0.578542 0.664252 0.384298
0.149992 0.471405 0.0707071
0.25713 0.042855 0.0110193
0.385695 0.17142 0.0661157
0.235702 0.557114 0.131313
0.0857099 0.0857099 0.00734619
0.0857099 0.599969 0.0514233
0.599969 0.0642824 0.0385675
0.235702 0.34284 0.0808081
0.449977 0.107137 0.0482094
0.214275 0.364267 0.0780533
0.192847 0.149992 0.0289256
0.235702 0.599969 0.141414
0.235702 0.364267 0.0858586
0.321412 0.34284 0.110193
0.385695 0.128565 0.0495868
0.321412 0.25713 0.0826446
0.621397 0.042855 0.0266299
0.042855 0.385695 0.0165289
0.149992 0.17142 0.0257117
0.192847 0.0642824 0.0123967
0.235702 0.471405 0.111111
0.385695 0.0857099 0.0330579
0.107137 0.042855 0.00459137
0.664252 0.192847 0.128099
0.278557 0.535687 0.149219
0.407122 0.17142 0.0697888
0.128565 0.17142 0.0220386
0.214275 0.0857099 0.0183655
0.128565 0.235702 0.030303
0.042855 0.0214275 0.000918274
0.514259 0.407122 0.209366
0.407122 0.578542 0.235537
0.042855 0.42855 0.0183655
0.664252 0.514259 0.341598
0.042855 0.34284 0.0146924
0.214275 0.599969 0.128558
0.107137 0.0857099 0.00918274
0.235702 0.664252 0.156566
0.407122 0.471405 0.191919
0.107137 0.364267 0.0390266
0.299985 0.471405 0.141414
0.449977 0.664252 0.298898
0.0214275 0.042855 0.000918274
0.235702 0.535687 0.126263
0.642824 0.449977 0.289256
0.578542 0.042855 0.0247934
0.34284 0.299985 0.102847
0.364267 0.621397 0.226354
0.514259 0.621397 0.319559
0.642824 0.407122 0.261708
0.599969 0.407122 0.244261
0.578542 0.128565 0.0743802
0.128565 0.471405 0.0606061
0.492832 0.25713 0.126722
0.321412 0.535687 0.172176
0.385695 0.621397 0.239669
0.42855 0.192847 0.0826446
0.599969 0.578542 0.347107
0.235702 0.107137 0.0252525
0.685679 0.107137 0.0734619
0.235702 0.385695 0.0909091
0.107137 0.385695 0.0413223
0.0214275 0.278557 0.00596878
0.557114 0.449977 0.250689
0.385695 0.471405 0.181818
0.34284 0.278557 0.0955005
0.128565 0.492832 0.0633609
0.299985 0.0857099 0.0257117
0.0857099 0.278557 0.0238751
0.299985 0.235702 0.0707071
0.299985 0.278557 0.0835629
0.407122 0.214275 0.087236
0.321412 0.621397 0.199725
0.17142 0.25713 0.0440771
0.492832 0.192847 0.0950413
0.0642824 0.0214275 0.00137741
0.0214275 0.364267 0.00780533
0.42855 0.642824 0.275482
0.128565 0.557114 0.0716253
0.042855 0.25713 0.0110193
0.299985 0.214275 0.0642792
0.278557 0.664252 0.185032
0.107137 0.514259 0.0550964
0.149992 0.385695 0.0578512
0.214275 0.107137 0.0229568
0.685679 0.449977 0.30854
0.557114 0.0214275 0.0119376
0.642824 0.107137 0.0688705
0.42855 0.535687 0.229568
0.364267 0.578542 0.210744
0.0214275 0.664252 0.0142332
0.299985 0.149992 0.0449954
0.0214275 0.685679 0.0146924
0.321412 0.214275 0.0688705
0.557114 0.042855 0.0238751
0.471405 0.214275 0.10101
0.642824 0.042855 0.0275482
0.0214275 0.599969 0.0128558
0.664252 0.17142 0.113866
0.0857099 0.0214275 0.00183655
0.214275 0.664252 0.142332
0.0642824 0.235702 0.0151515
0.0642824 0.557114 0.0358127
0.385695 0.385695 0.14876
0.278557 0.364267 0.101469
0.0642824 0.364267 0.023416
0.492832 0.17142 0.0844812
0.42855 0.557114 0.238751
0.25713 0.385695 0.0991736
0.449977 0.0857099 0.0385675
0.407122 0.0214275 0.0087236
0.042855 0.0642824 0.00275482
0.235702 0.25713 0.0606061
0.471405 0.17142 0.0808081
0.235702 0.17142 0.040404
0.321412 0.235702 0.0757576
0.149992 0.128565 0.0192837
0.192847 0.621397 0.119835
0.364267 0.0214275 0.00780533
0.278557 0.492832 0.137282
0.42855 0.664252 0.284665
0.557114 0.235702 0.131313
0.149992 0.149992 0.0224977
0.42855 0.128565 0.0550964
0.235702 0.0214275 0.00505051
0.685679 0.471405 0.323232
0.471405 0.0857099 0.040404
0.17142 0.685679 0.117539
0.321412 0.17142 0.0550964
0.514259 0.578542 0.297521
0.471405 0.449977 0.212121
0.042855 0.599969 0.0257117
0.492832 0.107137 0.0528007
0.107137 0.407122 0.043618
0.685679 0.407122 0.279155
0.599969 0.107137 0.0642792
0.214275 0.407122 0.087236
0.42855 0.578542 0.247934
0.664252 0.34284 0.227732
0.492832 0.235702 0.116162
0.214275 0.42855 0.0918274
0.599969 0.042855 0.0257117
0.0214275 0.621397 0.013315
0.214275 0.321412 0.0688705
0.578542 0.321412 0.18595
0.192847 0.535687 0.103306
0.514259 0.0857099 0.0440771
0.492832 0.578542 0.285124
0.535687 0.364267 0.195133
0.642824 0.25713 0.165289
0.128565 0.321412 0.0413223
0.235702 0.492832 0.116162
0.642824 0.599969 0.385675
0.364267 0.235702 0.0858586
0.278557 0.149992 0.0417815
0.514259 0.149992 0.077135
0.557114 0.42855 0.238751
0.278557 0.514259 0.143251
0.25713 0.0642824 0.0165289
0.385695 0.642824 0.247934
0.128565 0.278557 0.0358127
0.042855 0.621397 0.0266299
0.042855 0.299985 0.0128558
0.449977 0.514259 0.231405
0.599969 0.278557 0.167126
0.642824 0.149992 0.0964187
0.25713 0.492832 0.126722
0.492832 0.492832 0.242883
0.599969 0.25713 0.15427
0.685679 0.25713 0.176309
0.621397 0.599969 0.372819
0.664252 0.407122 0.270432
0.149992 0.664252 0.0996327
0.364267 0.599969 0.218549
0.578542 0.364267 0.210744
0.535687 0.149992 0.0803489
0.364267 0.299985 0.109275
0.192847 0.17142 0.0330579
0.685679 0.385695 0.264463
0.599969 0.17142 0.102847
0.17142 0.578542 0.0991736
0.107137 0.235702 0.0252525
0.664252 0.449977 0.298898
0.664252 0.107137 0.0711662
0.0857099 0.578542 0.0495868
0.599969 0.599969 0.359963
0.578542 0.599969 0.347107
0.0642824 0.107137 0.00688705
0.214275 0.642824 0.137741
0.407122 0.0857099 0.0348944
0.535687 0.25713 0.137741
0.235702 0.278557 0.0656566
0.25713 0.599969 0.15427
0.278557 0.107137 0.0298439
0.278557 0.042855 0.0119376
0.364267 0.107137 0.0390266
0.557114 0.0857099 0.0477502
0.535687 0.471405 0.252525
0.514259 0.214275 0.110193
0.25713 0.471405 0.121212
0.107137 0.34284 0.0367309
0.471405 0.192847 0.0909091
0.599969 0.364267 0.218549
0.621397 0.25713 0.15978
0.449977 0.214275 0.0964187
0.664252 0.042855 0.0284665
0.042855 0.449977 0.0192837
0.34284 0.17142 0.0587695
0.0214275 0.321412 0.00688705
0.0214275 0.492832 0.0105601
0.25713 0.557114 0.143251
0.149992 0.364267 0.0546373
0.214275 0.0214275 0.00459137
0.321412 0.664252 0.213499
0.149992 0.449977 0.0674931
0.492832 0.299985 0.147842
0.664252 0.599969 0.398531
0.642824 0.471405 0.30303
0.42855 0.25713 0.110193
0.42855 0.235702 0.10101
0.492832 0.214275 0.105601
0.17142 0.664252 0.113866
0.492832 0.514259 0.253444
0.514259 0.107137 0.0550964
0.128565 0.25713 0.0330579
0.385695 0.557114 0.214876
0.149992 0.578542 0.0867769
0.385695 0.492832 0.190083
0.042855 0.364267 0.0156107
0.321412 0.599969 0.192837
0.042855 0.128565 0.00550964
0.578542 0.449977 0.260331
0.449977 0.492832 0.221763
0.149992 0.042855 0.00642792
0.449977 0.621397 0.279614
0.214275 0.621397 0.13315
0.492832 0.364267 0.179522
0.0214275 0.235702 0.00505051
0.642824 0.0642824 0.0413223
0.685679 0.17142 0.117539
0.34284 0.407122 0.139578
0.235702 0.299985 0.0707071
0.192847 0.278557 0.053719
0.0857099 0.664252 0.056933
0.449977 0.0642824 0.0289256
0.599969 0.299985 0.179982
0.42855 0.599969 0.257117
0.471405 0.471405 0.222222
0.557114 0.514259 0.286501
0.17142 0.557114 0.0955005
0.042855 0.0857099 0.00367309
0.578542 0.42855 0.247934
0.042855 0.492832 0.0211203
0.364267 0.385695 0.140496
0.642824 0.492832 0.316804
0.235702 0.321412 0.0757576
0.235702 0.578542 0.136364
0.17142 0.299985 0.0514233
0.149992 0.492832 0.073921
0.321412 0.042855 0.0137741
0.364267 0.407122 0.148301
0.557114 0.0642824 0.0358127
0.535687 0.214275 0.114784
0.0214275 0.0857099 0.00183655
0.0857099 0.299985 0.0257117
0.149992 0.642824 0.0964187
0.128565 0.0642824 0.00826446
0.664252 0.492832 0.327365
0.25713 0.642824 0.165289
0.364267 0.642824 0.23416
0.685679 0.578542 0.396694
0.664252 0.664252 0.44123
0.0642824 0.514259 0.0330579
0.514259 0.0642824 0.0330579
0.385695 0.214275 0.0826446
0.685679 0.192847 0.132231
0.0857099 0.042855 0.00367309
0.599969 0.621397 0.372819
0.299985 0.42855 0.128558
0.42855 0.321412 0.137741
0.642824 0.535687 0.344353
0.0642824 0.621397 0.0399449
0.492832 0.407122 0.200643
0.107137 0.578542 0.0619835
0.17142 0.0642824 0.0110193
0.535687 0.321412 0.172176
0.321412 0.364267 0.11708
0.17142 0.535687 0.0918274
0.149992 0.599969 0.0899908
0.0214275 0.385695 0.00826446
0.557114 0.385695 0.214876
0.42855 0.471405 0.20202
0.214275 0.235702 0.0505051
0.321412 0.278557 0.0895317
0.149992 0.685679 0.102847
0.621397 0.621397 0.386134
0.0214275 0.407122 0.0087236
0.557114 0.642824 0.358127
0.492832 0.449977 0.221763
0.34284 0.578542 0.198347
0.192847 0.599969 0.115702
0.471405 0.34284 0.161616
0.214275 0.192847 0.0413223
0.449977 0.449977 0.202479
0.192847 0.235702 0.0454545
0.107137 0.107137 0.0114784
0.42855 0.107137 0.0459137
0.685679 0.278557 0.191001
0.321412 0.471405 0.151515
0.107137 0.557114 0.0596878
0.642824 0.17142 0.110193
0.214275 0.042855 0.00918274
0.471405 0.299985 0.141414
0.599969 0.664252 0.398531
0.664252 0.642824 0.426997
0.0214275 0.514259 0.0110193
0.128565 0.578542 0.0743802
0.364267 0.34284 0.124885
0.214275 0.278557 0.0596878
0.557114 0.17142 0.0955005
0.0214275 0.471405 0.010101
0.385695 0.578542 0.22314
0.128565 0.664252 0.0853994
0.25713 0.664252 0.170799
0.25713 0.278557 0.0716253
0.0642824 0.0857099 0.00550964
0.685679 0.642824 0.440771
0.621397 0.557114 0.346189
0.642824 0.128565 0.0826446
0.492832 0.471405 0.232323
0.0642824 0.149992 0.00964187
0.042855 0.214275 0.00918274
0.321412 0.192847 0.0619835
0.407122 0.235702 0.0959596
0.599969 0.385695 0.231405
0.557114 0.192847 0.107438
0.321412 0.321412 0.103306
0.449977 0.557114 0.250689
0.514259 0.0214275 0.0110193
0.621397 0.364267 0.226354
0.578542 0.235702 0.136364
0.0214275 0.642824 0.0137741
0.471405 0.042855 0.020202
0.621397 0.514259 0.319559
0.42855 0.42855 0.183655
0.449977 0.385695 0.173554
0.642824 0.557114 0.358127
0.621397 0.17142 0.10652
0.385695 0.535687 0.206612
0.17142 0.042855 0.00734619
0.514259 0.364267 0.187328
0.235702 0.42855 0.10101
0.642824 0.621397 0.399449
0.149992 0.407122 0.0610652
0.214275 0.492832 0.105601
0.471405 0.407122 0.191919
0.17142 0.0857099 0.0146924
0.321412 0.42855 0.137741
0.664252 0.0857099 0.056933
0.192847 0.214275 0.0413223
0.42855 0.407122 0.174472
0.192847 0.492832 0.0950413
0.214275 0.514259 0.110193
0.299985 0.25713 0.077135
0.578542 0.299985 0.173554
0.235702 0.149992 0.0353535
0.0642824 0.535687 0.0344353
0.128565 0.34284 0.0440771
0.0214275 0.0214275 0.000459137
0.407122 0.42855 0.174472
0.042855 0.149992 0.00642792
0.299985 0.599969 0.179982
0.299985 0.642824 0.192837
0.0642824 0.278557 0.0179063
0.449977 0.578542 0.260331
0.449977 0.0214275 0.00964187
0.599969 0.642824 0.385675
0.599969 0.449977 0.269972
0.685679 0.149992 0.102847
0.599969 0.514259 0.30854
0.25713 0.449977 0.115702
0.578542 0.0642824 0.0371901
0.407122 0.364267 0.148301
0.17142 0.385695 0.0661157
0.0857099 0.364267 0.0312213
0.471405 0.128565 0.0606061
0.385695 0.235702 0.0909091
0.407122 0.514259 0.209366
0.664252 0.385695 0.256198
0.364267 0.471405 0.171717
0.385695 0.321412 0.123967
0.492832 0.664252 0.327365
0.42855 0.149992 0.0642792
0.685679 0.599969 0.411387
0.449977 0.149992 0.0674931
0.385695 0.278557 0.107438
0.17142 0.642824 0.110193
0.235702 0.0642824 0.0151515
0.0214275 0.149992 0.00321396
0.299985 0.0642824 0.0192837
0.321412 0.128565 0.0413223
0.214275 0.149992 0.0321396
0.25713 0.321412 0.0826446
0.385695 0.599969 0.231405
0.34284 0.321412 0.110193
0.471405 0.664252 0.313131
0.278557 0.0857099 0.0238751
0.621397 0.578542 0.359504
0.278557 0.128565 0.0358127
0.471405 0.0214275 0.010101
0.364267 0.128565 0.046832
0.321412 0.449977 0.144628
0.278557 0.642824 0.179063
0.042855 0.17142 0.00734619
0.107137 0.192847 0.0206612
0.34284 0.107137 0.0367309
0.492832 0.535687 0.264004
0.299985 0.385695 0.115702
0.42855 0.364267 0.156107
0.407122 0.107137 0.043618
0.25713 0.535687 0.137741
0.492832 0.042855 0.0211203
0.0214275 0.128565 0.00275482
0.149992 0.278557 0.0417815
0.0642824 0.492832 0.0316804
0.107137 0.0214275 0.00229568
0.0642824 0.17142 0.0110193
0.42855 0.0857099 0.0367309
0.557114 0.664252 0.370064
0.0214275 0.17142 0.00367309
0.299985 0.0214275 0.00642792
0.471405 0.107137 0.0505051
0.578542 0.149992 0.0867769
0.0857099 0.128565 0.0110193
0.0857099 0.492832 0.0422406
0.514259 0.192847 0.0991736
0.514259 0.385695 0.198347
0.578542 0.471405 0.272727
0.621397 0.321412 0.199725
0.514259 0.17142 0.0881543
0.664252 0.557114 0.370064
0.449977 0.599969 0.269972
0.557114 0.321412 0.179063
0.599969 0.0857099 0.0514233
0.557114 0.34284 0.191001
0.34284 0.214275 0.0734619
0.535687 0.449977 0.241047
0.192847 0.385695 0.0743802
0.128565 0.0214275 0.00275482
0.471405 0.278557 0.131313
0.492832 0.128565 0.0633609
0.685679 0.514259 0.352617
0.34284 0.128565 0.0440771
0.235702 0.621397 0.146465
0.25713 0.42855 0.110193
0.642824 0.0857099 0.0550964
0.25713 0.0857099 0.0220386
0.235702 0.642824 0.151515
0.364267 0.042855 0.0156107
0.25713 0.149992 0.0385675
0.0642824 0.578542 0.0371901
0.149992 0.42855 0.0642792
0.34284 0.492832 0.168962
0.0857099 0.192847 0.0165289
0.042855 0.321412 0.0137741
0.192847 0.664252 0.128099
0.385695 0.449977 0.173554
0.34284 0.535687 0.183655
0.0857099 0.685679 0.0587695
0.278557 0.214275 0.0596878
0.321412 0.299985 0.0964187
0.621397 0.34284 0.213039
0.621397 0.471405 0.292929
0.0642824 0.42855 0.0275482
0.321412 0.642824 0.206612
0.128565 0.0857099 0.0110193
0.0214275 0.449977 0.00964187
0.042855 0.107137 0.00459137
0.535687 0.107137 0.0573921
0.25713 0.621397 0.15978
0.514259 0.321412 0.165289
0.128565 0.685679 0.0881543
0.128565 0.42855 0.0550964
0.149992 0.0642824 0.00964187
0.0214275 0.557114 0.0119376
0.0642824 0.128565 0.00826446
0.34284 0.514259 0.176309
0.192847 0.407122 0.0785124
0.514259 0.278557 0.143251
0.192847 0.321412 0.0619835
0.599969 0.471405 0.282828
0.299985 0.621397 0.18641
0.449977 0.364267 0.163912
0.42855 0.385695 0.165289
0.042855 0.642824 0.0275482
0.299985 0.407122 0.12213
0.578542 0.514259 0.297521
0.364267 0.0857099 0.0312213
0.278557 0.321412 0.0895317
0.514259 0.535687 0.275482
0.0642824 0.042855 0.00275482
0.128565 0.407122 0.0523416
0.492832 0.321412 0.158402
0.385695 0.34284 0.132231
0.042855 0.235702 0.010101
0.042855 0.471405 0.020202
0.514259 0.128565 0.0661157
0.321412 0.0214275 0.00688705
0.17142 0.599969 0.102847
0.128565 0.149992 0.0192837
0.492832 0.42855 0.211203
0.535687 0.278557 0.149219
0.0857099 0.642824 0.0550964
0.0642824 0.685679 0.0440771
0.621397 0.492832 0.306244
0.25713 0.578542 0.14876
0.214275 0.214275 0.0459137
0.42855 0.0642824 0.0275482
0.578542 0.192847 0.11157
0.514259 0.042855 0.0220386
0.17142 0.321412 0.0550964
0.535687 0.557114 0.298439
0.25713 0.25713 0.0661157
0.407122 0.149992 0.0610652
0.25713 0.34284 0.0881543
0.514259 0.557114 0.286501
0.578542 0.492832 0.285124
0.621397 0.235702 0.146465
0.34284 0.471405 0.161616
0.278557 0.449977 0.125344
0.149992 0.557114 0.0835629
0.492832 0.385695 0.190083
0.642824 0.0214275 0.0137741
0.0857099 0.149992 0.0128558
0.599969 0.321412 0.192837
0.685679 0.34284 0.235078
0.492832 0.642824 0.316804
0.321412 0.149992 0.0482094
0.0857099 0.471405 0.040404
0.321412 0.0642824 0.0206612
0.664252 0.235702 0.156566
0.664252 0.25713 0.170799
0.149992 0.321412 0.0482094
0.514259 0.449977 0.231405
0.578542 0.25713 0.14876
0.364267 0.321412 0.11708
0.535687 0.492832 0.264004
0.25713 0.107137 0.0275482
0.107137 0.471405 0.0505051
0.25713 0.364267 0.0936639
0.278557 0.385695 0.107438
0.0857099 0.321412 0.0275482
0.149992 0.535687 0.0803489
0.192847 0.042855 0.00826446
0.0857099 0.0642824 0.00550964
0.235702 0.214275 0.0505051
0.34284 0.449977 0.15427
0.557114 0.492832 0.274564
0.25713 0.128565 0.0330579
0.685679 0.0857099 0.0587695
0.385695 0.299985 0.115702
0.642824 0.42855 0.275482
0.514259 0.642824 0.330579
0.0857099 0.407122 0.0348944
0.364267 0.535687 0.195133
0.34284 0.557114 0.191001
0.17142 0.471405 0.0808081
0.214275 0.299985 0.0642792
0.385695 0.042855 0.0165289
0.407122 0.492832 0.200643
0.364267 0.514259 0.187328
0.0642824 0.385695 0.0247934
0.107137 0.321412 0.0344353
0.599969 0.192847 0.115702
0.0642824 0.642824 0.0413223
0.557114 0.278557 0.155188
0.364267 0.0642824 0.023416
0.664252 0.214275 0.142332
0.299985 0.535687 0.160698
0.364267 0.17142 0.0624426
0.407122 0.278557 0.113407
0.149992 0.107137 0.0160698
0.278557 0.25713 0.0716253
0.042855 0.535687 0.0229568
0.235702 0.235702 0.0555556
0.42855 0.514259 0.220386
0.642824 0.642824 0.413223
0.557114 0.128565 0.0716253
0.599969 0.214275 0.128558
0.407122 0.34284 0.139578
0.299985 0.321412 0.0964187
0.278557 0.278557 0.0775941
0.664252 0.0642824 0.0426997
0.278557 0.407122 0.113407
0.0214275 0.214275 0.00459137
0.192847 0.449977 0.0867769
0.449977 0.42855 0.192837
0.17142 0.192847 0.0330579
0.128565 0.449977 0.0578512
0.25713 0.192847 0.0495868
0.449977 0.535687 0.241047
0.17142 0.514259 0.0881543
0.664252 0.535687 0.355831
0.042855 0.514259 0.0220386
0.0214275 0.299985 0.00642792
0.449977 0.34284 0.15427
0.0857099 0.17142 0.0146924
0.685679 0.664252 0.455464
0.664252 0.128565 0.0853994
0.514259 0.42855 0.220386
0.471405 0.599969 0.282828
0.599969 0.34284 0.205693
0.34284 0.0642824 0.0220386
0.0214275 0.578542 0.0123967
0.471405 0.321412 0.151515
0.299985 0.17142 0.0514233
0.17142 0.107137 0.0183655
0.621397 0.664252 0.412764
0.107137 0.128565 0.0137741
0.278557 0.299985 0.0835629
0.471405 0.578542 0.272727
0.0642824 0.449977 0.0289256
0.299985 0.557114 0.167126
0.107137 0.642824 0.0688705
0.149992 0.0214275 0.00321396
0.42855 0.492832 0.211203
0.278557 0.0214275 0.00596878
0.685679 0.42855 0.293848
0.364267 0.492832 0.179522
0.685679 0.321412 0.220386
0.278557 0.557114 0.155188
0.535687 0.664252 0.355831
0.471405 0.42855 0.20202
0.642824 0.235702 0.151515
0.042855 0.192847 0.00826446
0.149992 0.25713 0.0385675
0.278557 0.0642824 0.0179063
0.149992 0.34284 0.0514233
0.235702 0.192847 0.0454545
0.34284 0.042855 0.0146924
0.299985 0.578542 0.173554
0.278557 0.34284 0.0955005
0.407122 0.192847 0.0785124
0.299985 0.34284 0.102847
0.407122 0.557114 0.226814
0.492832 0.599969 0.295684
0.685679 0.042855 0.0293848
0.25713 0.514259 0.132231
0.407122 0.535687 0.21809
0.17142 0.449977 0.077135
0.599969 0.128565 0.077135
0.235702 0.0857099 0.020202
0.514259 0.235702 0.121212
0.25713 0.214275 0.0550964
0.492832 0.0642824 0.0316804
0.278557 0.17142 0.0477502
0.407122 0.321412 0.130854
0.17142 0.128565 0.0220386
0.364267 0.449977 0.163912
0.471405 0.385695 0.181818
0.471405 0.557114 0.262626
0.364267 0.25713 0.0936639
0.557114 0.599969 0.334252
0.535687 0.042855 0.0229568
0.599969 0.235702 0.141414
0.214275 0.17142 0.0367309
0.107137 0.149992 0.0160698
0.0214275 0.25713 0.00550964
0.107137 0.449977 0.0482094
0.621397 0.214275 0.13315
0.621397 0.149992 0.0932048
0.685679 0.128565 0.0881543
0.278557 0.471405 0.131313
0.042855 0.407122 0.0174472
0.578542 0.557114 0.322314
0.17142 0.0214275 0.00367309
0.385695 0.107137 0.0413223
0.535687 0.128565 0.0688705
0.0642824 0.192847 0.0123967
0.17142 0.34284 0.0587695
0.578542 0.621397 0.359504
0.0642824 0.214275 0.0137741
0.471405 0.235702 0.111111
0.664252 0.621397 0.412764
0.471405 0.492832 0.232323
0.42855 0.0214275 0.00918274
0.621397 0.385695 0.239669
0.192847 0.192847 0.0371901
0.514259 0.34284 0.176309
0.449977 0.042855 0.0192837
0.599969 0.557114 0.334252
0.621397 0.192847 0.119835
0.42855 0.042855 0.0183655
0.107137 0.42855 0.0459137
0.557114 0.107137 0.0596878
0.514259 0.25713 0.132231
0.214275 0.25713 0.0550964
0.514259 0.299985 0.15427
0.42855 0.621397 0.266299
0.642824 0.364267 0.23416
0.385695 0.0642824