1000 0.707107 1000
0.578542 0.214275 0.123967
0.0857099 0.385695 0.0330579
0.0214275 0.385695 0.00826446
0.192847 0.17142 0.0330579
0.0857099 0.128565 0.0110193
0.25713 0.042855 0.0110193
0.0857099 0.42855 0.0367309
0.449977 0.128565 0.0578512
0.321412 0.0214275 0.00688705
0.278557 0.642824 0.179063
0.664252 0.385695 0.256198
0.34284 0.621397 0.213039
0.557114 0.42855 0.238751
0.278557 0.385695 0.107438
0.514259 0.107137 0.0550964
0.664252 0.514259 0.341598
0.107137 0.535687 0.0573921
0.17142 0.557114 0.0955005
0.107137 0.192847 0.0206612
0.235702 0.385695 0.0909091
0.149992 0.34284 0.0514233
0.17142 0.685679 0.117539
0.042855 0.214275 0.00918274
0.557114 0.25713 0.143251
0.34284 0.192847 0.0661157
0.621397 0.642824 0.399449
0.578542 0.17142 0.0991736
0.042855 0.471405 0.020202
0.235702 0.578542 0.136364
0.0642824 0.449977 0.0289256
0.17142 0.149992 0.0257117
0.449977 0.192847 0.0867769
0.149992 0.685679 0.102847
0.685679 0.492832 0.337925
0.235702 0.557114 0.131313
0.25713 0.278557 0.0716253
0.471405 0.364267 0.171717
0.492832 0.25713 0.126722
0.214275 0.128565 0.0275482
0.557114 0.492832 0.274564
0.599969 0.407122 0.244261
0.385695 0.599969 0.231405
0.214275 0.42855 0.0918274
0.128565 0.578542 0.0743802
0.128565 0.557114 0.0716253
0.192847 0.642824 0.123967
0.578542 0.664252 0.384298
0.535687 0.364267 0.195133
0.0642824 0.17142 0.0110193
0.0214275 0.621397 0.013315
0.407122 0.042855 0.0174472
0.149992 0.492832 0.073921
0.557114 0.214275 0.119376
0.17142 0.664252 0.113866
0.17142 0.599969 0.102847
0.107137 0.321412 0.0344353
0.642824 0.321412 0.206612
0.34284 0.557114 0.191001
0.192847 0.235702 0.0454545
0.621397 0.235702 0.146465
0.25713 0.0214275 0.00550964
0.107137 0.042855 0.00459137
0.471405 0.578542 0.272727
0.471405 0.599969 0.282828
0.621397 0.557114 0.346189
0.0857099 0.364267 0.0312213
0.278557 0.149992 0.0417815
0.278557 0.25713 0.0716253
0.149992 0.17142 0.0257117
0.0857099 0.557114 0.0477502
0.214275 0.621397 0.13315
0.149992 0.321412 0.0482094
0.0642824 0.0642824 0.00413223
0.299985 0.235702 0.0707071
0.235702 0.514259 0.121212
0.535687 0.557114 0.298439
0.17142 0.278557 0.0477502
0.278557 0.514259 0.143251
0.149992 0.42855 0.0642792
0.34284 0.492832 0.168962
0.385695 0.664252 0.256198
0.578542 0.235702 0.136364
0.0214275 0.407122 0.0087236
0.149992 0.578542 0.0867769
0.664252 0.0857099 0.056933
0.578542 0.299985 0.173554
0.25713 0.107137 0.0275482
0.042855 0.685679 0.0293848
0.42855 0.621397 0.266299
0.042855 0.299985 0.0128558
0.299985 0.0642824 0.0192837
0.34284 0.0857099 0.0293848
0.621397 0.407122 0.252984
0.685679 0.42855 0.293848
0.214275 0.34284 0.0734619
0.557114 0.34284 0.191001
0.042855 0.149992 0.00642792
0.599969 0.278557 0.167126
0.407122 0.471405 0.191919
0.17142 0.17142 0.0293848
0.449977 0.299985 0.134986
0.578542 0.599969 0.347107
0.25713 0.385695 0.0991736
0.0642824 0.149992 0.00964187
0.492832 0.471405 0.232323
0.664252 0.149992 0.0996327
0.578542 0.449977 0.260331
0.621397 0.0642824 0.0399449
0.149992 0.599969 0.0899908
0.0857099 0.0214275 0.00183655
0.685679 0.192847 0.132231
0.0214275 0.578542 0.0123967
0.664252 0.321412 0.213499
0.34284 0.0214275 0.00734619
0.042855 0.535687 0.0229568
0.42855 0.042855 0.0183655
0.621397 0.514259 0.319559
0.042855 0.192847 0.00826446
0.471405 0.0857099 0.040404
0.321412 0.0642824 0.0206612
0.0642824 0.385695 0.0247934
0.107137 0.449977 0.0482094
0.385695 0.34284 0.132231
0.128565 0.642824 0.0826446
0.364267 0.321412 0.11708
0.107137 0.578542 0.0619835
0.535687 0.278557 0.149219
0.17142 0.34284 0.0587695
0.407122 0.492832 0.200643
0.535687 0.17142 0.0918274
0.42855 0.321412 0.137741
0.235702 0.599969 0.141414
0.664252 0.192847 0.128099
0.407122 0.535687 0.21809
0.557114 0.0642824 0.0358127
0.25713 0.514259 0.132231
0.364267 0.557114 0.202938
0.107137 0.385695 0.0413223
0.321412 0.192847 0.0619835
0.471405 0.0214275 0.010101
0.278557 0.0857099 0.0238751
0.664252 0.599969 0.398531
0.128565 0.0642824 0.00826446
0.0857099 0.235702 0.020202
0.578542 0.149992 0.0867769
0.214275 0.25713 0.0550964
0.192847 0.535687 0.103306
0.685679 0.0642824 0.0440771
0.0857099 0.149992 0.0128558
0.407122 0.578542 0.235537
0.299985 0.107137 0.0321396
0.685679 0.107137 0.0734619
0.214275 0.278557 0.0596878
0.514259 0.492832 0.253444
0.321412 0.642824 0.206612
0.235702 0.235702 0.0555556
0.0857099 0.514259 0.0440771
0.299985 0.471405 0.141414
0.235702 0.34284 0.0808081
0.34284 0.364267 0.124885
0.492832 0.535687 0.264004
0.0214275 0.364267 0.00780533
0.621397 0.321412 0.199725
0.214275 0.535687 0.114784
0.535687 0.578542 0.309917
0.599969 0.192847 0.115702
0.42855 0.492832 0.211203
0.128565 0.149992 0.0192837
0.557114 0.0214275 0.0119376
0.25713 0.0642824 0.0165289
0.321412 0.385695 0.123967
0.578542 0.0642824 0.0371901
0.492832 0.449977 0.221763
0.385695 0.278557 0.107438
0.685679 0.364267 0.24977
0.42855 0.599969 0.257117
0.0642824 0.471405 0.030303
0.471405 0.278557 0.131313
0.25713 0.149992 0.0385675
0.299985 0.385695 0.115702
0.407122 0.0214275 0.0087236
0.107137 0.34284 0.0367309
0.449977 0.385695 0.173554
0.449977 0.107137 0.0482094
0.0857099 0.471405 0.040404
0.685679 0.235702 0.161616
0.299985 0.042855 0.0128558
0.599969 0.107137 0.0642792
0.149992 0.149992 0.0224977
0.449977 0.514259 0.231405
0.664252 0.299985 0.199265
0.492832 0.34284 0.168962
0.685679 0.149992 0.102847
0.449977 0.235702 0.106061
0.107137 0.278557 0.0298439
0.385695 0.0857099 0.0330579
0.192847 0.107137 0.0206612
0.492832 0.364267 0.179522
0.34284 0.128565 0.0440771
0.299985 0.149992 0.0449954
0.514259 0.557114 0.286501
0.321412 0.557114 0.179063
0.34284 0.599969 0.205693
0.685679 0.042855 0.0293848
0.0214275 0.664252 0.0142332
0.599969 0.128565 0.077135
0.149992 0.25713 0.0385675
0.149992 0.642824 0.0964187
0.321412 0.235702 0.0757576
0.214275 0.0214275 0.00459137
0.214275 0.321412 0.0688705
0.642824 0.578542 0.371901
0.34284 0.42855 0.146924
0.0857099 0.642824 0.0550964
0.557114 0.042855 0.0238751
0.25713 0.471405 0.121212
0.535687 0.642824 0.344353
0.557114 0.385695 0.214876
0.535687 0.299985 0.160698
0.685679 0.385695 0.264463
0.642824 0.235702 0.151515
0.642824 0.642824 0.413223
0.25713 0.25713 0.0661157
0.107137 0.0642824 0.00688705
0.42855 0.42855 0.183655
0.492832 0.557114 0.274564
0.17142 0.385695 0.0661157
0.17142 0.25713 0.0440771
0.278557 0.299985 0.0835629
0.578542 0.471405 0.272727
0.0857099 0.192847 0.0165289
0.578542 0.621397 0.359504
0.664252 0.0214275 0.0142332
0.642824 0.364267 0.23416
0.385695 0.235702 0.0909091
0.557114 0.407122 0.226814
0.0642824 0.25713 0.0165289
0.364267 0.25713 0.0936639
0.0857099 0.449977 0.0385675
0.25713 0.578542 0.14876
0.214275 0.642824 0.137741
0.514259 0.25713 0.132231
0.128565 0.107137 0.0137741
0.42855 0.25713 0.110193
0.642824 0.535687 0.344353
0.107137 0.107137 0.0114784
0.128565 0.599969 0.077135
0.042855 0.664252 0.0284665
0.407122 0.17142 0.0697888
0.471405 0.299985 0.141414
0.0857099 0.535687 0.0459137
0.235702 0.0642824 0.0151515
0.407122 0.25713 0.104683
0.214275 0.0857099 0.0183655
0.0642824 0.128565 0.00826446
0.407122 0.321412 0.130854
0.449977 0.471405 0.212121
0.235702 0.471405 0.111111
0.621397 0.192847 0.119835
0.535687 0.492832 0.264004
0.128565 0.192847 0.0247934
0.34284 0.25713 0.0881543
0.278557 0.407122 0.113407
0.42855 0.471405 0.20202
0.192847 0.514259 0.0991736
0.34284 0.642824 0.220386
0.621397 0.621397 0.386134
0.042855 0.0214275 0.000918274
0.535687 0.042855 0.0229568
0.235702 0.149992 0.0353535
0.299985 0.364267 0.109275
0.235702 0.299985 0.0707071
0.214275 0.492832 0.105601
0.42855 0.214275 0.0918274
0.407122 0.642824 0.261708
0.599969 0.17142 0.102847
0.17142 0.514259 0.0881543
0.364267 0.578542 0.210744
0.235702 0.042855 0.010101
0.299985 0.128565 0.0385675
0.0214275 0.042855 0.000918274
0.599969 0.214275 0.128558
0.642824 0.34284 0.220386
0.364267 0.278557 0.101469
0.364267 0.364267 0.132691
0.34284 0.385695 0.132231
0.407122 0.0642824 0.0261708
0.107137 0.599969 0.0642792
0.34284 0.278557 0.0955005
0.107137 0.17142 0.0183655
0.042855 0.34284 0.0146924
0.128565 0.449977 0.0578512
0.0214275 0.107137 0.00229568
0.471405 0.385695 0.181818
0.449977 0.149992 0.0674931
0.042855 0.492832 0.0211203
0.642824 0.407122 0.261708
0.407122 0.34284 0.139578
0.514259 0.192847 0.0991736
0.385695 0.321412 0.123967
0.149992 0.299985 0.0449954
0.385695 0.642824 0.247934
0.149992 0.042855 0.00642792
0.0642824 0.685679 0.0440771
0.321412 0.128565 0.0413223
0.0857099 0.685679 0.0587695
0.514259 0.0857099 0.0440771
0.0857099 0.599969 0.0514233
0.278557 0.34284 0.0955005
0.34284 0.664252 0.227732
0.149992 0.621397 0.0932048
0.599969 0.642824 0.385675
0.321412 0.042855 0.0137741
0.599969 0.0857099 0.0514233
0.621397 0.278557 0.173095
0.0214275 0.192847 0.00413223
0.364267 0.17142 0.0624426
0.664252 0.449977 0.298898
0.0642824 0.535687 0.0344353
0.385695 0.557114 0.214876
0.0642824 0.407122 0.0261708
0.214275 0.192847 0.0413223
0.664252 0.578542 0.384298
0.471405 0.0642824 0.030303
0.407122 0.235702 0.0959596
0.364267 0.535687 0.195133
0.664252 0.0642824 0.0426997
0.214275 0.514259 0.110193
0.557114 0.664252 0.370064
0.25713 0.128565 0.0330579
0.664252 0.235702 0.156566
0.214275 0.214275 0.0459137
0.621397 0.578542 0.359504
0.0857099 0.25713 0.0220386
0.34284 0.17142 0.0587695
0.407122 0.107137 0.043618
0.514259 0.42855 0.220386
0.578542 0.128565 0.0743802
0.514259 0.321412 0.165289
0.214275 0.042855 0.00918274
0.128565 0.214275 0.0275482
0.599969 0.492832 0.295684
0.214275 0.557114 0.119376
0.278557 0.535687 0.149219
0.385695 0.492832 0.190083
0.25713 0.235702 0.0606061
0.492832 0.407122 0.200643
0.235702 0.407122 0.0959596
0.321412 0.449977 0.144628
0.599969 0.299985 0.179982
0.278557 0.42855 0.119376
0.0857099 0.407122 0.0348944
0.642824 0.0642824 0.0413223
0.578542 0.385695 0.22314
0.128565 0.621397 0.0798898
0.34284 0.535687 0.183655
0.407122 0.599969 0.244261
0.321412 0.578542 0.18595
0.278557 0.278557 0.0775941
0.535687 0.214275 0.114784
0.042855 0.107137 0.00459137
0.042855 0.578542 0.0247934
0.492832 0.17142 0.0844812
0.0857099 0.578542 0.0495868
0.0857099 0.34284 0.0293848
0.449977 0.557114 0.250689
0.0214275 0.17142 0.00367309
0.578542 0.0857099 0.0495868
0.514259 0.278557 0.143251
0.128565 0.0214275 0.00275482
0.685679 0.17142 0.117539
0.278557 0.471405 0.131313
0.235702 0.17142 0.040404
0.685679 0.407122 0.279155
0.685679 0.535687 0.367309
0.385695 0.042855 0.0165289
0.535687 0.664252 0.355831
0.578542 0.364267 0.210744
0.0214275 0.449977 0.00964187
0.235702 0.535687 0.126263
0.492832 0.042855 0.0211203
0.235702 0.278557 0.0656566
0.364267 0.471405 0.171717
0.449977 0.17142 0.077135
0.278557 0.107137 0.0298439
0.25713 0.192847 0.0495868
0.299985 0.407122 0.12213
0.0214275 0.599969 0.0128558
0.235702 0.0214275 0.00505051
0.685679 0.278557 0.191001
0.407122 0.385695 0.157025
0.557114 0.235702 0.131313
0.471405 0.321412 0.151515
0.364267 0.34284 0.124885
0.214275 0.299985 0.0642792
0.471405 0.149992 0.0707071
0.535687 0.407122 0.21809
0.492832 0.578542 0.285124
0.535687 0.321412 0.172176
0.107137 0.42855 0.0459137
0.149992 0.0642824 0.00964187
0.128565 0.42855 0.0550964
0.25713 0.642824 0.165289
0.042855 0.42855 0.0183655
0.449977 0.449977 0.202479
0.0214275 0.0642824 0.00137741
0.299985 0.17142 0.0514233
0.471405 0.664252 0.313131
0.535687 0.235702 0.126263
0.25713 0.17142 0.0440771
0.535687 0.25713 0.137741
0.042855 0.449977 0.0192837
0.149992 0.235702 0.0353535
0.599969 0.25713 0.15427
0.042855 0.278557 0.0119376
0.514259 0.642824 0.330579
0.642824 0.492832 0.316804
0.599969 0.0642824 0.0385675
0.0214275 0.34284 0.00734619
0.17142 0.492832 0.0844812
0.299985 0.299985 0.0899908
0.299985 0.621397 0.18641
0.235702 0.449977 0.106061
0.492832 0.235702 0.116162
0.042855 0.25713 0.0110193
0.514259 0.364267 0.187328
0.492832 0.385695 0.190083
0.407122 0.557114 0.226814
0.0857099 0.299985 0.0257117
0.321412 0.621397 0.199725
0.235702 0.0857099 0.020202
0.278557 0.128565 0.0358127
0.299985 0.599969 0.179982
0.192847 0.042855 0.00826446
0.235702 0.642824 0.151515
0.685679 0.449977 0.30854
0.128565 0.042855 0.00550964
0.514259 0.299985 0.15427
0.0857099 0.621397 0.0532599
0.685679 0.621397 0.426079
0.578542 0.25713 0.14876
0.299985 0.321412 0.0964187
0.17142 0.0214275 0.00367309
0.364267 0.42855 0.156107
0.0642824 0.214275 0.0137741
0.514259 0.621397 0.319559
0.0642824 0.642824 0.0413223
0.192847 0.492832 0.0950413
0.042855 0.0642824 0.00275482
0.621397 0.364267 0.226354
0.514259 0.514259 0.264463
0.34284 0.471405 0.161616
0.492832 0.321412 0.158402
0.664252 0.364267 0.241965
0.535687 0.0214275 0.0114784
0.557114 0.535687 0.298439
0.0857099 0.042855 0.00367309
0.578542 0.34284 0.198347
0.514259 0.0214275 0.0110193
0.664252 0.214275 0.142332
0.17142 0.407122 0.0697888
0.235702 0.192847 0.0454545
0.514259 0.214275 0.110193
0.449977 0.25713 0.115702
0.192847 0.599969 0.115702
0.42855 0.0857099 0.0367309
0.278557 0.0214275 0.00596878
0.299985 0.34284 0.102847
0.364267 0.107137 0.0390266
0.235702 0.25713 0.0606061
0.192847 0.621397 0.119835
0.599969 0.514259 0.30854
0.685679 0.214275 0.146924
0.385695 0.107137 0.0413223
0.214275 0.107137 0.0229568
0.17142 0.299985 0.0514233
0.107137 0.685679 0.0734619
0.492832 0.0214275 0.0105601
0.407122 0.149992 0.0610652
0.0214275 0.321412 0.00688705
0.664252 0.471405 0.313131
0.299985 0.664252 0.199265
0.0214275 0.471405 0.010101
0.685679 0.299985 0.205693
0.0214275 0.299985 0.00642792
0.278557 0.557114 0.155188
0.364267 0.385695 0.140496
0.107137 0.0214275 0.00229568
0.642824 0.621397 0.399449
0.642824 0.514259 0.330579
0.0214275 0.492832 0.0105601
0.192847 0.557114 0.107438
0.0214275 0.514259 0.0110193
0.364267 0.149992 0.0546373
0.471405 0.535687 0.252525
0.385695 0.214275 0.0826446
0.599969 0.364267 0.218549
0.599969 0.385695 0.231405
0.0642824 0.492832 0.0316804
0.621397 0.0214275 0.013315
0.278557 0.449977 0.125344
0.599969 0.471405 0.282828
0.0214275 0.0214275 0.000459137
0.214275 0.0642824 0.0137741
0.535687 0.449977 0.241047
0.449977 0.599969 0.269972
0.321412 0.299985 0.0964187
0.599969 0.449977 0.269972
0.449977 0.364267 0.163912
0.471405 0.192847 0.0909091
0.042855 0.557114 0.0238751
0.235702 0.621397 0.146465
0.514259 0.471405 0.242424
0.25713 0.0857099 0.0220386
0.364267 0.128565 0.046832
0.42855 0.192847 0.0826446
0.042855 0.385695 0.0165289
0.25713 0.535687 0.137741
0.149992 0.278557 0.0417815
0.364267 0.407122 0.148301
0.321412 0.25713 0.0826446
0.0642824 0.299985 0.0192837
0.107137 0.214275 0.0229568
0.0642824 0.34284 0.0220386
0.471405 0.514259 0.242424
0.621397 0.128565 0.0798898
0.642824 0.299985 0.192837
0.599969 0.34284 0.205693
0.214275 0.471405 0.10101
0.42855 0.642824 0.275482
0.514259 0.128565 0.0661157
0.42855 0.299985 0.128558
0.0642824 0.192847 0.0123967
0.364267 0.449977 0.163912
0.621397 0.471405 0.292929
0.17142 0.578542 0.0991736
0.321412 0.34284 0.110193
0.685679 0.642824 0.440771
0.25713 0.299985 0.077135
0.492832 0.214275 0.105601
0.364267 0.492832 0.179522
0.642824 0.25713 0.165289
0.471405 0.042855 0.020202
0.557114 0.299985 0.167126
0.385695 0.0214275 0.00826446
0.0642824 0.664252 0.0426997
0.42855 0.149992 0.0642792
0.17142 0.364267 0.0624426
0.149992 0.0857099 0.0128558
0.107137 0.128565 0.0137741
0.685679 0.34284 0.235078
0.449977 0.214275 0.0964187
0.557114 0.578542 0.322314
0.407122 0.278557 0.113407
0.0214275 0.235702 0.00505051
0.107137 0.0857099 0.00918274
0.449977 0.0214275 0.00964187
0.235702 0.42855 0.10101
0.34284 0.042855 0.0146924
0.664252 0.42855 0.284665
0.42855 0.0214275 0.00918274
0.149992 0.0214275 0.00321396
0.42855 0.128565 0.0550964
0.299985 0.192847 0.0578512
0.449977 0.0642824 0.0289256
0.621397 0.042855 0.0266299
0.492832 0.107137 0.0528007
0.0214275 0.149992 0.00321396
0.578542 0.0214275 0.0123967
0.17142 0.235702 0.040404
0.214275 0.235702 0.0505051
0.192847 0.578542 0.11157
0.664252 0.042855 0.0284665
0.128565 0.278557 0.0358127
0.235702 0.128565 0.030303
0.321412 0.149992 0.0482094
0.664252 0.664252 0.44123
0.192847 0.471405 0.0909091
0.192847 0.192847 0.0371901
0.0857099 0.278557 0.0238751
0.192847 0.149992 0.0289256
0.42855 0.557114 0.238751
0.214275 0.149992 0.0321396
0.0214275 0.685679 0.0146924
0.364267 0.299985 0.109275
0.407122 0.407122 0.165748
0.0214275 0.42855 0.00918274
0.599969 0.557114 0.334252
0.621397 0.107137 0.0665748
0.321412 0.599969 0.192837
0.25713 0.42855 0.110193
0.557114 0.642824 0.358127
0.642824 0.278557 0.179063
0.42855 0.364267 0.156107
0.578542 0.642824 0.371901
0.0214275 0.128565 0.00275482
0.449977 0.278557 0.125344
0.192847 0.299985 0.0578512
0.492832 0.599969 0.295684
0.621397 0.535687 0.332874
0.25713 0.214275 0.0550964
0.471405 0.214275 0.10101
0.278557 0.621397 0.173095
0.685679 0.25713 0.176309
0.128565 0.514259 0.0661157
0.042855 0.364267 0.0156107
0.321412 0.514259 0.165289
0.128565 0.685679 0.0881543
0.107137 0.25713 0.0275482
0.471405 0.557114 0.262626
0.557114 0.278557 0.155188
0.578542 0.407122 0.235537
0.514259 0.407122 0.209366
0.214275 0.364267 0.0780533
0.685679 0.557114 0.382002
0.34284 0.214275 0.0734619
0.471405 0.34284 0.161616
0.642824 0.17142 0.110193
0.149992 0.664252 0.0996327
0.0642824 0.621397 0.0399449
0.149992 0.514259 0.077135
0.107137 0.642824 0.0688705
0.578542 0.557114 0.322314
0.664252 0.557114 0.370064
0.407122 0.621397 0.252984
0.128565 0.385695 0.0495868
0.25713 0.407122 0.104683
0.34284 0.149992 0.0514233
0.642824 0.599969 0.385675
0.471405 0.471405 0.222222
0.685679 0.128565 0.0881543
0.621397 0.214275 0.13315
0.128565 0.0857099 0.0110193
0.42855 0.514259 0.220386
0.385695 0.25713 0.0991736
0.0857099 0.17142 0.0146924
0.299985 0.42855 0.128558
0.492832 0.149992 0.073921
0.042855 0.642824 0.0275482
0.557114 0.621397 0.346189
0.535687 0.535687 0.286961
0.042855 0.321412 0.0137741
0.149992 0.449977 0.0674931
0.17142 0.535687 0.0918274
0.17142 0.128565 0.0220386
0.0857099 0.321412 0.0275482
0.599969 0.664252 0.398531
0.107137 0.235702 0.0252525
0.34284 0.407122 0.139578
0.34284 0.321412 0.110193
0.407122 0.214275 0.087236
0.0642824 0.235702 0.0151515
0.17142 0.449977 0.077135
0.557114 0.557114 0.310376
0.0857099 0.107137 0.00918274
0.557114 0.128565 0.0716253
0.192847 0.0642824 0.0123967
0.557114 0.0857099 0.0477502
0.0642824 0.557114 0.0358127
0.642824 0.128565 0.0826446
0.278557 0.0642824 0.0179063
0.128565 0.492832 0.0633609
0.042855 0.514259 0.0220386
0.278557 0.235702 0.0656566
0.107137 0.364267 0.0390266
0.17142 0.0642824 0.0110193
0.578542 0.042855 0.0247934
0.107137 0.514259 0.0550964
0.235702 0.664252 0.156566
0.514259 0.34284 0.176309
0.385695 0.535687 0.206612
0.621397 0.599969 0.372819
0.449977 0.42855 0.192837
0.042855 0.042855 0.00183655
0.471405 0.642824 0.30303
0.0642824 0.0857099 0.00550964
0.0214275 0.642824 0.0137741
0.34284 0.578542 0.198347
0.25713 0.449977 0.115702
0.128565 0.299985 0.0385675
0.407122 0.449977 0.183196
0.192847 0.407122 0.0785124
0.578542 0.321412 0.18595
0.557114 0.599969 0.334252
0.192847 0.214275 0.0413223
0.0214275 0.25713 0.00550964
0.685679 0.599969 0.411387
0.192847 0.128565 0.0247934
0.471405 0.235702 0.111111
0.664252 0.492832 0.327365
0.214275 0.578542 0.123967
0.192847 0.364267 0.0702479
0.599969 0.599969 0.359963
0.557114 0.107137 0.0596878
0.364267 0.599969 0.218549
0.642824 0.664252 0.426997
0.278557 0.042855 0.0119376
0.299985 0.0214275 0.00642792
0.25713 0.492832 0.126722
0.449977 0.535687 0.241047
0.42855 0.535687 0.229568
0.685679 0.0857099 0.0587695
0.492832 0.621397 0.306244
0.685679 0.0214275 0.0146924
0.535687 0.149992 0.0803489
0.34284 0.514259 0.176309
0.514259 0.664252 0.341598
0.557114 0.149992 0.0835629
0.042855 0.407122 0.0174472
0.34284 0.299985 0.102847
0.299985 0.0857099 0.0257117
0.664252 0.34284 0.227732
0.149992 0.364267 0.0546373
0.407122 0.192847 0.0785124
0.0857099 0.214275 0.0183655
0.34284 0.235702 0.0808081
0.0214275 0.557114 0.0119376
0.299985 0.278557 0.0835629
0.149992 0.471405 0.0707071
0.278557 0.17142 0.0477502
0.514259 0.0642824 0.0330579
0.235702 0.107137 0.0252525
0.192847 0.449977 0.0867769
0.578542 0.42855 0.247934
0.278557 0.192847 0.053719
0.642824 0.149992 0.0964187
0.557114 0.449977 0.250689
0.17142 0.107137 0.0183655
0.299985 0.25713 0.077135
0.278557 0.578542 0.161157
0.621397 0.149992 0.0932048
0.0857099 0.0642824 0.00550964
0.492832 0.0642824 0.0316804
0.599969 0.535687 0.321396
0.107137 0.299985 0.0321396
0.514259 0.149992 0.077135
0.17142 0.621397 0.10652
0.34284 0.0642824 0.0220386
0.278557 0.599969 0.167126
0.321412 0.364267 0.11708
0.621397 0.34284 0.213039
0.599969 0.321412 0.192837
0.535687 0.128565 0.0688705
0.642824 0.042855 0.0275482
0.364267 0.664252 0.241965
0.107137 0.149992 0.0160698
0.557114 0.321412 0.179063
0.557114 0.17142 0.0955005
0.471405 0.492832 0.232323
0.321412 0.107137 0.0344353
0.364267 0.514259 0.187328
0.235702 0.214275 0.0505051
0.235702 0.321412 0.0757576
0.321412 0.407122 0.130854
0.621397 0.17142 0.10652
0.449977 0.621397 0.279614
0.642824 0.385695 0.247934
0.449977 0.407122 0.183196
0.492832 0.514259 0.253444
0.599969 0.621397 0.372819
0.364267 0.0642824 0.023416
0.17142 0.42855 0.0734619
0.364267 0.235702 0.0858586
0.17142 0.192847 0.0330579
0.042855 0.599969 0.0257117
0.535687 0.0857099 0.0459137
0.364267 0.192847 0.0702479
0.192847 0.25713 0.0495868
0.664252 0.621397 0.412764
0.299985 0.514259 0.15427
0.385695 0.149992 0.0578512
0.25713 0.364267 0.0936639
0.364267 0.042855 0.0156107
0.0642824 0.0214275 0.00137741
0.299985 0.449977 0.134986
0.535687 0.42855 0.229568
0.42855 0.278557 0.119376
0.471405 0.107137 0.0505051
0.0857099 0.0857099 0.00734619
0.0214275 0.214275 0.00459137
0.621397 0.0857099 0.0532599
0.642824 0.449977 0.289256
0.149992 0.385695 0.0578512
0.385695 0.407122 0.157025
0.0857099 0.492832 0.0422406
0.535687 0.599969 0.321396
0.385695 0.17142 0.0661157
0.128565 0.128565 0.0165289
0.664252 0.407122 0.270432
0.535687 0.0642824 0.0344353
0.599969 0.149992 0.0899908
0.407122 0.299985 0.12213
0.664252 0.25713 0.170799
0.0642824 0.107137 0.00688705
0.0642824 0.514259 0.0330579
0.578542 0.107137 0.0619835
0.17142 0.321412 0.0550964
0.471405 0.17142 0.0808081
0.492832 0.492832 0.242883
0.514259 0.449977 0.231405
0.685679 0.514259 0.352617
0.364267 0.0857099 0.0312213
0.364267 0.621397 0.226354
0.34284 0.34284 0.117539
0.449977 0.642824 0.289256
0.214275 0.407122 0.087236
0.278557 0.664252 0.185032
0.107137 0.557114 0.0596878
0.621397 0.299985 0.18641
0.321412 0.492832 0.158402
0.385695 0.364267 0.140496
0.42855 0.578542 0.247934
0.42855 0.664252 0.284665
0.492832 0.192847 0.0950413
0.0642824 0.321412 0.0206612
0.128565 0.235702 0.030303
0.578542 0.492832 0.285124
0.449977 0.578542 0.260331
0.042855 0.621397 0.0266299
0.621397 0.42855 0.266299
0.578542 0.535687 0.309917
0.599969 0.042855 0.0257117
0.299985 0.642824 0.192837
0.128565 0.34284 0.0440771
0.0642824 0.42855 0.0275482
0.299985 0.492832 0.147842
0.578542 0.514259 0.297521
0.449977 0.664252 0.298898
0.17142 0.0857099 0.0146924
0.321412 0.214275 0.0688705
0.34284 0.107137 0.0367309
0.128565 0.25713 0.0330579
0.492832 0.128565 0.0633609
0.214275 0.17142 0.0367309
0.235702 0.364267 0.0858586
0.535687 0.34284 0.183655
0.42855 0.407122 0.174472
0.621397 0.449977 0.279614
0.664252 0.107137 0.0711662
0.685679 0.471405 0.323232
0.192847 0.0857099 0.0165289
0.471405 0.128565 0.0606061
0.299985 0.557114 0.167126
0.535687 0.514259 0.275482
0.192847 0.664252 0.128099
0.17142 0.471405 0.0808081
0.535687 0.192847 0.103306
0.578542 0.578542 0.334711
0.214275 0.664252 0.142332
0.642824 0.107137 0.0688705
0.149992 0.107137 0.0160698
0.192847 0.42855 0.0826446
0.385695 0.449977 0.173554
0.17142 0.042855 0.00734619
0.535687 0.107137 0.0573921
0.107137 0.492832 0.0528007
0.42855 0.235702 0.10101
0.621397 0.664252 0.412764
0.278557 0.364267 0.101469
0.042855 0.235702 0.010101
0.642824 0.0857099 0.0550964
0.642824 0.471405 0.30303
0.128565 0.407122 0.0523416
0.149992 0.128565 0.0192837
0.621397 0.25713 0.15978
0.149992 0.192847 0.0289256
0.385695 0.42855 0.165289
0.128565 0.364267 0.046832
0.278557 0.321412 0.0895317
0.214275 0.385695 0.0826446
0.492832 0.642824 0.316804
0.34284 0.449977 0.15427
0.535687 0.385695 0.206612
0.128565 0.17142 0.0220386
0.25713 0.599969 0.15427
0.042855 0.17142 0.00734619
0.557114 0.364267 0.202938
0.642824 0.0214275 0.0137741
0.492832 0.0857099 0.0422406
0.407122 0.128565 0.0523416
0.042855 0.128565 0.00550964
0.321412 0.321412 0.103306
0.321412 0.471405 0.151515
0.0214275 0.0857099 0.00183655
0.214275 0.449977 0.0964187
0.471405 0.25713 0.121212
0.321412 0.42855 0.137741
0.514259 0.385695 0.198347
0.0642824 0.278557 0.0179063
0.385695 0.0642824 0.0247934
0.535687 0.621397 0.332874
0.385695 0.192847 0.0743802
0.449977 0.321412 0.144628
0.149992 0.535687